# Saved by strand-cam at 2025-02-10 11:56:05.146978718 -05:00
# Mean reprojection distance: 0.69
image_width: 1200
image_height: 1000
camera_name: Basler-24795856
camera_matrix:
  rows: 3
  cols: 3
  data:
  - 4681.048447177593
  - 0.0
  - 743.4418238443976
  - 0.0
  - 4689.133863872801
  - 308.8862348432177
  - 0.0
  - 0.0
  - 1.0
distortion_model: plumb_bob
distortion_coefficients:
  rows: 1
  cols: 5
  data:
  - -0.011275048657243075
  - -3.458546667803019
  - -0.004339888009574566
  - 0.005090959297226864
  - 0.0
rectification_matrix:
  rows: 3
  cols: 3
  data:
  - 1.0
  - 0.0
  - 0.0
  - 0.0
  - 1.0
  - 0.0
  - 0.0
  - 0.0
  - 1.0
projection_matrix:
  rows: 3
  cols: 4
  data:
  - 4681.048447177593
  - 0.0
  - 743.4418238443976
  - 0.0
  - 0.0
  - 4689.133863872801
  - 308.8862348432177
  - 0.0
  - 0.0
  - 0.0
  - 1.0
  - 0.0
